image: bestmap.pgm
resolution: 0.050000
origin: [-3.403737, -6.970509, 0.000000]
negate: 0
occupied_thresh: 0.65
free_thresh: 0.196

