image: labor.pgm
resolution: 0.050000
origin: [-3.214914, -7.560589, 0.000000]
negate: 0
occupied_thresh: 0.65
free_thresh: 0.196

