image: newmap.pgm
resolution: 0.050000
origin: [-7.950867, -2.960168, 0.000000]
negate: 0
occupied_thresh: 0.65
free_thresh: 0.196

